images/(1).png 396,666,1213,841,0 66,77,188,135,0
images/(2).png 419,716,1177,828,0 65,71,201,137,0
images/(3).png 530,751,1043,822,0 63,71,207,141,0
images/(4).png 482,759,1123,817,0 54,74,207,140,0
images/(5).png 941,494,1440,651,0 47,74,206,137,0
images/(6).png 530,715,1070,828,0 67,79,198,134,0
images/(7).png 390,362,1188,517,0 69,75,201,134,0
images/(8).png 219,379,1379,481,0 70,73,195,136,0
images/(9).png 262,705,1344,831,0 67,71,399,141,0
images/(10).png 249,666,1348,826,0 67,71,394,129,0
images/(11).png 149,657,765,827,0 69,67,411,142,0
images/(12).png 373,662,1232,833,0 78,66,410,143,0
images/(13).png 453,731,1151,824,0 77,66,403,139,0
images/(14).png 81,602,500,751,0 71,69,402,139,0
images/(15).png 157,541,881,686,0 70,69,402,142,0
images/(16).png 335,354,1247,514,0 71,69,402,142,0
images/(17).png 324,719,1253,825,0 71,69,398,140,0
images/(18).png 238,385,1364,486,0 70,71,397,140,0
images/(19).png 252,721,1351,830,0 70,71,394,142,0
images/(20).png 934,448,1494,542,0 70,69,394,143,0
images/(21).png 802,556,1382,759,0 70,69,394,144,0
images/(22).png 455,293,837,461,0 67,70,394,144,0
images/(23).png 52,459,978,680,0 67,70,397,140,0
images/(24).png 237,727,1342,839,0 70,67,397,140,0
images/(25).png 66,67,397,141,0
images/(26).png 261,630,1350,833,0 75,70,397,141,0
images/(27).png 289,379,1308,492,0 66,67,397,144,0
images/(28).png 448,382,1150,488,0 71,70,395,143,0
images/(29).png 540,439,1155,548,0 71,70,399,145,0
images/(30).png 536,443,1342,648,0 67,71,399,145,0
images/(31).png 314,336,1331,522,0 67,71,395,145,0
images/(32).png 424,717,1165,830,0 67,65,395,146,0
images/(33).png 498,374,1101,541,0 67,65,405,146,0
images/(34).png 145,261,707,357,0 66,66,405,145,0
images/(35).png 985,487,1508,607,0 66,66,406,137,0
images/(36).png 541,682,1058,819,0 58,67,407,137,0
images/(37).png 963,497,1531,621,0 58,67,396,144,0
images/(38).png 381,371,1024,598,0 62,66,394,143,0
images/(39).png 393,752,1200,817,0 62,66,405,144,0
images/(40).png 532,725,1057,826,0 77,67,405,144,0
images/(41).png 303,389,1310,491,0 66,74,400,133,0
images/(42).png 249,721,1346,826,0 61,71,405,148,0
images/(43).png 431,688,1159,833,0 51,71,397,150,0
images/(44).png 389,658,1211,837,0 66,73,397,151,0
images/(45).png 196,365,1406,514,0 66,73,396,148,0
images/(46).png 365,681,1238,832,0 61,75,396,148,0
images/(47).png 717,455,1207,623,0 61,75,397,146,0
images/(48).png 349,716,1252,826,0 67,74,397,147,0
images/(49).png 448,708,1154,840,0 67,74,403,137,0
images/(50).png 351,713,1224,830,0 69,75,404,137,0
images/(51).png 849,445,1173,605,0 69,75,400,144,0
images/(52).png 798,479,1319,597,0 65,69,400,144,0
images/(53).png 281,727,1306,836,0 65,67,399,141,0
images/(54).png 639,350,957,529,0 70,71,400,142,0
images/(55).png 392,731,1238,831,0 69,70,395,141,0
images/(56).png 401,729,1204,833,0 66,71,394,141,0
images/(57).png 353,728,1252,836,0 65,71,400,140,0
images/(58).png 215,708,1386,833,0 62,67,400,140,0
images/(59).png 604,752,971,826,0 62,67,411,142,0
images/(60).png 630,686,969,835,0 59,71,416,142,0
images/(61).png 354,724,1243,830,0 59,71,402,142,0
images/(62).png 421,731,1181,839,0 65,70,403,143,0
images/(63).png 257,384,1355,529,0 65,70,409,140,0
images/(64).png 445,747,1158,830,0 62,66,409,139,0
images/(65).png 71,431,526,527,0 62,66,404,141,0
images/(66).png 328,712,1279,832,0 69,70,404,141,0
images/(67).png 69,70,397,139,0
images/(68).png 155,715,1439,837,0 70,70,394,139,0
images/(69).png 287,511,812,608,0 70,70,401,140,0
images/(70).png 276,517,1069,709,0 62,66,401,141,0
images/(71).png 397,240,1192,650,0 62,66,406,143,0
images/(72).png 385,716,1217,832,0 62,73,402,140,0
images/(73).png 237,649,809,824,0 69,69,407,135,0
images/(74).png 616,554,1372,675,0 66,69,401,140,0
images/(75).png 834,572,1092,694,0 67,71,401,140,0
images/(76).png 214,548,674,712,0 67,71,399,145,0
images/(77).png 439,728,1166,825,0 73,69,397,144,0
images/(78).png 242,733,1025,825,0 73,69,397,147,0
images/(79).png 244,704,1357,830,0 65,74,397,147,0
images/(80).png 355,694,1169,838,0 58,74,409,143,0
images/(81).png 319,326,978,492,0 62,69,409,143,0
images/(82).png 359,340,1239,518,0 61,69,397,132,0
images/(83).png 59,378,1526,496,0 66,67,394,129,0
images/(84).png 270,658,1317,826,0 66,67,397,136,0
images/(85).png 689,518,1226,690,0 71,71,397,136,0
images/(86).png 201,665,1409,833,0 71,70,397,139,0
images/(87).png 280,736,1308,830,0 63,70,397,137,0
images/(88).png 502,700,1095,837,0 62,70,405,140,0
images/(89).png 77,67,412,141,0
images/(90).png 1024,456,1498,608,0 77,67,409,148,0
images/(91).png 429,720,1249,830,0 65,73,409,148,0
images/(92).png 895,670,1541,826,0 66,73,404,148,0
images/(93).png 495,712,1094,833,0 55,74,405,148,0
images/(94).png 565,429,1012,589,0 55,74,408,151,0
images/(95).png 402,521,1193,722,0 54,66,408,151,0
images/(96).png 89,393,948,572,0 55,65,416,146,0
images/(97).png 444,486,1270,656,0 54,69,417,146,0
images/(98).png 997,359,1538,507,0 52,69,410,147,0
images/(99).png 328,700,1274,826,0 55,70,414,147,0
images/(100).png 82,532,638,679,0 55,70,393,143,0
images/(101).png 47,67,404,144,0
images/(102).png 622,577,1349,674,0 47,67,401,137,0
images/(103).png 506,693,1095,841,0 51,74,401,137,0
images/(104).png 409,715,1189,833,0 50,74,405,136,0
images/(105).png 334,706,1289,824,0 63,71,413,148,0
images/(106).png 245,667,1375,841,0 65,71,397,136,0
images/(107).png 186,713,1401,831,0 69,70,396,136,0
images/(108).png 393,688,1217,821,0 61,73,401,140,0
images/(109).png 213,577,564,728,0 65,70,401,140,0
images/(110).png 196,715,1429,832,0 58,70,400,137,0
images/(111).png 433,715,1166,841,0 55,71,398,136,0
images/(112).png 552,708,1045,843,0 54,71,409,144,0
images/(113).png 397,716,1210,838,0 57,73,410,144,0
images/(114).png 296,719,1301,836,0 54,73,397,139,0
images/(115).png 276,706,1326,834,0 62,70,397,139,0
images/(116).png 567,661,1027,832,0 62,70,404,135,0
images/(117).png 291,754,1296,828,0 65,70,404,135,0
images/(118).png 545,706,1075,838,0 65,70,399,140,0
images/(119).png 414,702,1186,846,0 70,70,398,140,0
images/(120).png 285,658,1310,834,0 70,70,400,141,0
images/(121).png 491,359,1129,508,0 69,67,396,141,0
images/(122).png 915,328,1440,620,0 69,67,401,137,0
images/(123).png 419,471,1007,634,0 66,65,401,138,0
images/(124).png 221,711,1378,833,0 66,65,401,139,0
images/(125).png 82,624,580,792,0 65,70,400,139,0
images/(126).png 176,677,944,774,0 70,75,396,129,0
images/(127).png 357,723,1257,840,0 69,67,400,150,0
images/(128).png 275,486,633,588,0 59,73,399,151,0
images/(129).png 451,711,1163,832,0 59,73,405,140,0
images/(130).png 889,326,1482,677,0 66,63,397,140,0
images/(131).png 315,670,1297,829,0 66,63,401,140,0
images/(132).png 1179,361,1536,462,0 66,66,398,144,0
images/(133).png 854,544,1386,710,0 66,66,412,149,0
images/(134).png 1012,568,1309,742,0 62,69,421,150,0
images/(135).png 51,354,911,533,0 62,69,408,148,0
images/(136).png 846,723,1547,832,0 50,65,408,148,0
images/(137).png 409,701,1203,842,0 36,65,403,148,0
images/(138).png 910,548,1311,707,0 73,69,397,148,0
images/(139).png 908,240,1487,731,0 67,74,403,144,0
images/(140).png 806,658,1452,815,0 67,74,394,143,0
images/(141).png 202,717,1404,827,0 65,65,389,143,0
images/(142).png 178,374,905,505,0 65,65,405,147,0
images/(143).png 840,272,1521,637,0 69,67,405,146,0
images/(144).png 740,456,1542,561,0 54,67,398,152,0
images/(145).png 238,712,1367,836,0 70,71,398,152,0
images/(146).png 606,463,996,618,0 70,71,410,134,0
images/(147).png 614,466,989,552,0 77,62,411,135,0
images/(148).png 281,731,1320,827,0 78,62,416,154,0
images/(149).png 599,558,1338,682,0 71,65,415,154,0
images/(150).png 1001,723,1383,833,0 71,65,401,159,0
images/(151).png 906,86,1423,829,0 70,73,401,162,0
images/(152).png 900,97,1437,572,0 71,73,406,151,0
images/(153).png 926,384,1424,484,0 58,66,397,149,0
images/(154).png 379,614,1236,841,0 58,66,401,145,0
images/(155).png 382,700,1215,829,0 66,67,394,144,0
images/(156).png 249,351,1355,523,0 66,67,398,140,0
images/(157).png 402,370,1185,503,0 65,71,393,138,0
images/(158).png 367,696,1240,825,0 65,71,405,146,0
images/(159).png 499,748,1049,837,0 62,67,400,146,0
images/(160).png 332,720,1266,833,0 62,67,412,146,0
images/(161).png 132,731,638,829,0 66,67,400,145,0
images/(162).png 502,758,1095,829,0 57,67,414,142,0
images/(163).png 1005,548,1539,726,0 63,71,402,141,0
images/(164).png 318,487,960,644,0 63,71,395,141,0
images/(165).png 120,715,1495,840,0 58,65,394,142,0
images/(166).png 572,561,1036,644,0 58,65,417,142,0
images/(167).png 59,65,417,140,0
images/(168).png 413,701,1185,840,0 57,65,430,148,0
images/(169).png 365,717,1245,841,0 55,62,429,148,0
images/(170).png 89,708,456,818,0 51,63,410,140,0
images/(171).png 322,724,1284,833,0 69,69,409,139,0
images/(172).png 540,684,1038,841,0 69,70,420,143,0
images/(173).png 90,735,496,820,0 57,69,422,143,0
images/(174).png 225,705,1351,838,0 59,69,426,140,0
images/(175).png 428,379,1187,483,0 58,75,427,140,0
images/(176).png 389,705,1218,842,0 319,128,891,189,0 59,75,422,142,0
images/(177).png 593,747,1005,841,0 65,69,423,143,0
images/(178).png 544,750,1030,839,0 65,69,420,136,0
images/(179).png 567,743,1003,832,0 57,78,418,132,0
images/(180).png 519,725,1056,822,0 57,78,416,136,0
images/(181).png 663,729,929,834,0 58,69,416,136,0
images/(182).png 427,750,1175,824,0 58,69,423,135,0
images/(183).png 373,740,1226,836,0 67,73,428,138,0
images/(184).png 560,737,1022,827,0 62,70,421,139,0
images/(185).png 587,686,1026,841,0 61,73,422,139,0
images/(186).png 445,655,1186,830,0 61,73,424,146,0
images/(187).png 488,725,1114,835,0 59,77,424,144,0
images/(188).png 59,711,911,848,0 51,73,421,139,0
images/(189).png 52,628,784,843,0 59,71,421,138,0
images/(190).png 97,671,416,750,0 59,71,418,137,0
images/(191).png 468,698,1117,854,0 62,63,417,137,0
images/(192).png 1122,402,1549,496,0 54,59,421,145,0
images/(193).png 880,334,1284,421,0 66,71,421,145,0
images/(194).png 363,713,1236,838,0 67,73,421,140,0
images/(195).png 139,577,416,654,0 61,78,422,139,0
images/(196).png 292,596,523,692,0 1172,631,1428,731,0 31,74,420,148,0
images/(197).png 542,727,1055,825,0 58,71,420,148,0
images/(198).png 257,600,595,689,0 57,71,432,144,0
images/(199).png 209,713,1331,837,0 63,71,432,142,0
images/(200).png 826,141,1379,226,0 63,71,426,141,0
images/(201).png 420,358,849,518,0 58,70,427,141,0
images/(202).png 58,70,419,141,0
images/(203).png 920,361,1439,509,0 63,70,418,141,0
images/(204).png 692,355,1373,516,0 57,69,420,140,0
images/(205).png 927,497,1220,580,0 66,74,417,140,0
images/(206).png 561,725,1025,834,0 66,74,419,143,0
images/(207).png 1054,437,1498,593,0 69,74,419,145,0
images/(208).png 121,593,1228,666,0 69,74,416,133,0
images/(209).png 120,595,1219,730,0 75,70,417,133,0
images/(210).png 322,711,1273,839,0 78,69,425,144,0
images/(211).png 401,723,1207,837,0 67,62,425,144,0
images/(212).png 894,552,1431,713,0 67,62,421,140,0
images/(213).png 234,701,1378,836,0 66,65,421,140,0
images/(214).png 525,647,1069,835,0 66,65,417,139,0
images/(215).png 638,639,1522,840,0 62,62,413,137,0
images/(216).png 382,603,1212,833,0 66,71,415,137,0
images/(217).png 121,614,1467,829,0 54,65,419,142,0
images/(218).png 499,396,806,506,0 74,71,428,144,0
images/(219).png 694,667,1345,831,0 54,61,428,144,0
images/(220).png 61,572,623,736,0 54,61,429,142,0
images/(221).png 416,681,1180,833,0 58,70,436,141,0
images/(222).png 285,673,1301,841,0 65,69,422,148,0
images/(223).png 67,655,1053,837,0 47,62,418,148,0
images/(224).png 284,682,1320,837,0 40,59,418,145,0
images/(225).png 195,698,1387,835,0 58,70,417,147,0
images/(226).png 721,643,1429,813,0 70,78,419,126,0
images/(227).png 755,661,1390,775,0 62,70,411,135,0
images/(228).png 694,517,1403,715,0 73,73,426,142,0
images/(229).png 873,554,1419,667,0 74,72,413,139,0
images/(230).png 779,632,1531,839,0 59,63,422,138,0
images/(231).png 370,684,1277,837,0 58,63,431,136,0
images/(232).png 326,702,1263,843,0 58,71,431,136,0
images/(233).png 667,410,1269,611,0 54,71,420,146,0
images/(234).png 305,515,917,640,0 75,75,419,146,0
images/(235).png 370,567,856,693,0 75,75,414,141,0
images/(236).png 436,723,1156,839,0 63,73,414,143,0
images/(237).png 638,497,1087,665,0 63,73,422,139,0
images/(238).png 373,708,1237,837,0 63,78,418,139,0
images/(239).png 502,620,1553,830,0 63,78,414,147,0
images/(240).png 113,499,767,681,0 59,73,414,147,0
images/(241).png 218,518,826,667,0 59,73,434,148,0
images/(242).png 793,518,1533,762,0 79,70,437,148,0
images/(243).png 295,700,1326,853,0 79,70,434,145,0
images/(244).png 305,702,1294,831,0 63,74,434,145,0
images/(245).png 280,677,1339,841,0 63,74,426,137,0
images/(246).png 280,684,1339,843,0 57,67,427,137,0
images/(247).png 571,663,1353,834,0 57,67,428,141,0
images/(248).png 132,711,696,837,0 74,71,428,141,0
images/(249).png 319,733,805,833,0 74,71,427,138,0
images/(250).png 431,526,618,634,0 51,71,426,138,0
images/(251).png 627,727,974,827,0 46,71,420,138,0
images/(252).png 78,736,1538,836,0 51,70,420,139,0
images/(253).png 327,688,1273,837,0 51,70,421,139,0
images/(254).png 322,690,1275,835,0 63,71,421,138,0
images/(255).png 501,719,1171,836,0 63,71,422,149,0
images/(256).png 420,724,1238,826,0 74,77,424,150,0
images/(257).png 342,704,1249,837,0 75,77,419,143,0
images/(258).png 71,69,420,146,0
images/(259).png 604,724,1004,836,0 71,69,414,140,0
images/(260).png 688,522,1147,623,0 62,74,419,140,0
images/(261).png 701,623,1533,829,0 62,74,429,137,0
images/(262).png 315,704,738,836,0 54,69,425,138,0
images/(263).png 246,705,779,831,0 54,69,416,138,0
images/(264).png 322,632,1288,833,0 62,75,415,136,0
images/(265).png 385,716,1219,829,0 62,75,421,141,0
images/(266).png 74,470,873,718,0 50,65,419,140,0
images/(267).png 618,632,1067,854,0 50,65,424,132,0
images/(268).png 554,572,1053,732,0 73,73,422,136,0
images/(269).png 521,468,1203,683,0 66,69,419,138,0
images/(270).png 170,650,1435,838,0 66,70,419,137,0
images/(271).png 361,716,1248,838,0 69,70,424,148,0
images/(272).png 775,558,1243,659,0 75,67,426,148,0
images/(273).png 295,720,1310,838,0 75,67,433,134,0
images/(274).png 653,385,942,481,0 70,71,433,134,0
images/(275).png 620,463,1255,588,0 70,71,427,134,0
images/(276).png 611,428,1134,554,0 44,71,426,134,0
images/(277).png 312,681,1290,847,0 30,70,423,140,0
images/(278).png 529,702,1063,831,0 59,67,410,137,0
images/(279).png 318,680,1292,843,0 59,67,428,144,0
images/(280).png 196,665,1402,855,0 63,78,429,147,0
images/(281).png 94,386,786,525,0 63,78,421,139,0
images/(282).png 375,751,1220,845,0 71,67,417,137,0
images/(283).png 196,576,586,746,0 73,67,427,137,0
images/(284).png 433,732,1162,842,0 50,67,427,138,0
images/(285).png 685,744,910,834,0 50,67,439,140,0
images/(286).png 630,735,984,840,0 52,75,429,140,0
images/(287).png 349,724,1251,826,0 50,75,432,138,0
images/(288).png 296,716,1321,851,0 57,65,432,138,0
images/(289).png 607,611,996,842,0 57,65,427,144,0
images/(290).png 447,740,1163,837,0 51,74,426,144,0
images/(291).png 532,737,1068,847,0 51,74,422,144,0
images/(292).png 468,754,1142,836,0 70,62,423,144,0
images/(293).png 429,529,888,664,0 59,71,412,133,0
images/(294).png 227,728,1376,834,0 65,81,408,138,0
images/(295).png 234,700,1375,837,0 65,82,416,139,0
images/(296).png 606,721,990,829,0 66,74,409,137,0
images/(297).png 560,725,1040,837,0 66,74,428,140,0
images/(298).png 916,505,1511,614,0 63,71,444,144,0
images/(299).png 46,732,653,837,0 63,71,430,136,0
images/(300).png 61,657,594,831,0 47,71,431,136,0
images/(301).png 61,662,570,852,0 47,71,424,137,0
images/(302).png 464,405,660,506,0 61,74,424,136,0
images/(303).png 708,326,1529,537,0 61,75,422,134,0
images/(304).png 38,654,595,837,0 65,78,422,135,0
images/(305).png 50,743,703,839,0 65,78,415,133,0
images/(306).png 50,653,474,849,0 66,69,415,134,0
images/(307).png 55,669,768,844,0 66,69,415,136,0
images/(308).png 86,444,713,622,0 61,67,414,136,0
images/(309).png 218,219,1035,344,0 61,69,420,136,0
images/(310).png 221,227,884,328,0 57,73,423,136,0
images/(311).png 663,591,1073,742,0 57,73,418,143,0
images/(312).png 381,713,1194,835,0 57,69,411,142,0
images/(313).png 412,705,1158,834,0 54,67,419,136,0
images/(314).png 776,549,1351,708,0 67,67,418,136,0
images/(315).png 357,709,1256,830,0 67,67,416,141,0
images/(316).png 721,400,1130,482,0 74,73,409,139,0
images/(317).png 346,697,1241,832,0 74,73,409,132,0
images/(318).png 542,715,1079,847,0 62,73,420,135,0
images/(319).png 346,743,1269,835,0 62,73,416,135,0
images/(320).png 513,464,907,623,0 65,71,416,134,0
images/(321).png 218,713,1367,833,0 65,71,416,136,0
images/(322).png 377,733,1188,839,0 59,70,416,136,0
images/(323).png 408,669,1166,833,0 59,70,412,135,0
images/(324).png 377,709,1238,849,0 52,69,410,135,0
images/(325).png 308,701,1309,846,0 52,69,418,138,0
images/(326).png 51,727,634,847,0 71,69,418,138,0
images/(327).png 59,727,807,837,0 71,69,413,128,0
images/(328).png 48,723,524,825,0 62,67,415,133,0
images/(329).png 59,737,393,837,0 62,67,412,140,0
images/(330).png 57,720,340,841,0 74,70,412,140,0
images/(331).png 124,708,1466,853,0 74,70,414,143,0
images/(332).png 51,646,433,834,0 71,73,414,143,0
images/(333).png 608,741,977,838,0 73,73,415,138,0
images/(334).png 373,736,1230,834,0 73,73,415,138,0
images/(335).png 322,662,802,754,0 73,73,417,134,0
images/(336).png 336,676,1274,847,0 66,73,417,134,0
images/(337).png 299,655,1308,839,0 66,73,415,143,0
images/(338).png 435,678,1155,842,0 66,75,415,142,0
images/(339).png 455,716,1157,838,0 70,75,419,132,0
images/(340).png 498,698,1104,850,0 66,70,419,132,0
images/(341).png 392,390,724,500,0 67,70,410,133,0
images/(342).png 305,711,1305,843,0 69,69,411,134,0
images/(343).png 615,572,1031,748,0 69,69,419,135,0
images/(344).png 416,698,1183,833,0 65,66,419,135,0
images/(345).png 280,725,1323,842,0 65,66,411,135,0
images/(346).png 479,717,1125,843,0 73,77,411,135,0
images/(347).png 433,713,1152,834,0 73,77,417,136,0
images/(348).png 491,464,1165,599,0 59,73,417,136,0
images/(349).png 148,674,1448,841,0 59,73,417,139,0
images/(350).png 414,569,1166,685,0 73,77,417,139,0
images/(351).png 361,700,1241,841,0 73,77,420,135,0
images/(352).png 377,706,1222,831,0 62,67,420,134,0
images/(353).png 157,705,1456,849,0 62,67,419,137,0
images/(354).png 908,420,1382,586,0 70,67,419,137,0
images/(355).png 412,706,1198,839,0 70,67,412,136,0
images/(356).png 205,678,603,839,0 61,69,408,135,0
images/(357).png 464,361,1168,533,0 61,69,420,147,0
images/(358).png 736,413,1417,619,0 71,69,420,147,0
images/(359).png 725,374,1283,573,0 71,69,417,138,0
images/(360).png 400,725,1209,849,0 58,69,417,138,0
images/(361).png 515,308,1072,580,0 67,77,411,131,0
images/(362).png 643,303,1278,491,0 71,67,411,130,0
images/(363).png 456,723,1144,835,0 75,75,411,130,0
images/(364).png 466,711,1240,829,0 66,65,413,139,0
images/(365).png 494,727,1116,837,0 66,65,417,150,0
images/(366).png 565,724,1013,829,0 66,77,417,150,0
images/(367).png 240,723,1352,829,0 66,77,412,143,0
images/(368).png 222,719,1366,829,0 66,75,412,142,0
images/(369).png 530,518,809,607,0 66,75,419,144,0
images/(370).png 744,262,1529,625,0 59,73,421,144,0
images/(371).png 312,719,1292,835,0 59,73,425,150,0
images/(372).png 201,394,422,477,0 51,71,425,149,0
images/(373).png 514,698,1079,841,0 51,71,417,140,0
images/(374).png 258,712,1347,833,0 78,71,417,140,0
images/(375).png 447,711,1149,839,0 78,71,414,137,0
images/(376).png 188,676,1417,836,0 65,75,415,137,0
images/(377).png 350,670,1252,831,0 65,75,412,133,0
images/(378).png 410,708,1192,840,0 62,70,412,133,0
images/(379).png 240,720,613,832,0 841,712,1219,832,0 62,70,417,141,0
images/(380).png 148,705,1445,846,0 74,73,417,142,0
images/(381).png 205,659,1386,838,0 74,73,423,135,0
images/(382).png 499,663,881,785,0 75,75,422,134,0
images/(383).png 401,712,1203,847,0 75,75,411,130,0
images/(384).png 581,480,1004,644,0 65,77,408,131,0
images/(385).png 416,733,1184,829,0 65,77,418,134,0
images/(386).png 293,741,1317,833,0 71,71,417,133,0
images/(387).png 435,719,1148,835,0 71,71,410,132,0
images/(388).png 641,724,933,830,0 65,74,411,132,0
images/(389).png 623,719,981,835,0 65,74,426,136,0
images/(390).png 670,729,936,834,0 61,67,426,136,0
images/(391).png 611,429,1416,616,0 61,67,422,133,0
images/(392).png 638,523,1507,647,0 66,73,421,134,0
images/(393).png 448,724,1154,838,0 65,73,411,138,0
images/(394).png 706,437,1469,623,0 71,74,410,137,0
images/(395).png 1090,513,1557,607,0 71,74,418,137,0
images/(396).png 369,643,1226,830,0 63,69,418,138,0
images/(397).png 626,363,1187,522,0 63,69,417,131,0
images/(398).png 927,475,1403,627,0 74,71,417,130,0
images/(399).png 307,701,1299,837,0 74,73,439,138,0
images/(400).png 300,701,1293,844,0 55,69,445,139,0
images/(401).png 62,646,877,833,0 55,69,417,138,0
images/(402).png 230,712,1029,836,0 71,71,414,134,0
images/(403).png 490,593,1122,843,0 71,71,414,138,0
images/(404).png 437,716,1157,842,0 48,79,413,140,0
images/(405).png 357,604,1240,844,0 48,79,415,136,0
images/(406).png 497,725,1089,838,0 63,73,414,136,0
images/(407).png 96,491,921,604,0 1265,821,1522,872,0 63,73,420,136,0
images/(408).png 183,692,1418,833,0 1274,834,1514,877,0 65,67,420,136,0
images/(409).png 229,354,1376,555,0 65,67,455,142,0
images/(410).png 569,694,1029,843,0 62,74,455,143,0
images/(411).png 569,681,1044,841,0 62,75,463,142,0
images/(412).png 914,230,1502,697,0 70,71,463,142,0
images/(413).png 423,724,1182,832,0 70,71,460,140,0
images/(414).png 484,758,1098,827,0 1330,751,1522,821,0 63,70,460,140,0
images/(415).png 1335,758,1519,816,0 63,70,461,144,0
images/(416).png 48,603,1120,785,0 1321,763,1517,815,0 70,70,462,143,0
images/(417).png 371,700,1228,829,0 1328,756,1519,813,0 73,74,467,143,0
images/(418).png 43,661,631,840,0 1332,747,1516,820,0 69,71,473,142,0
images/(419).png 51,684,831,833,0 1332,752,1507,814,0 69,71,458,140,0
images/(420).png 131,642,754,791,0 1327,759,1523,825,0 77,66,458,140,0
images/(421).png 398,750,1218,833,0 1335,751,1519,824,0 77,66,454,137,0
images/(422).png 188,526,1156,639,0 1339,753,1510,819,0 74,77,453,138,0
images/(423).png 221,712,1378,841,0 74,77,453,139,0
images/(424).png 59,654,993,830,0 75,71,453,138,0
images/(425).png 182,635,812,814,0 75,71,445,136,0
images/(426).png 244,632,606,784,0 63,73,445,136,0
images/(427).png 52,659,676,825,0 63,73,453,139,0
images/(428).png 466,733,1121,837,0 63,70,453,139,0
images/(429).png 969,666,1540,827,0 63,70,457,133,0
images/(430).png 66,647,366,822,0 70,74,458,133,0
images/(431).png 62,666,1067,837,0 71,74,452,135,0
images/(432).png 62,659,709,830,0 63,67,452,134,0
images/(433).png 279,414,1314,523,0 63,67,452,132,0
images/(434).png 43,654,1141,838,0 73,70,452,132,0
images/(435).png 419,292,1185,588,0 73,70,454,137,0
images/(436).png 651,654,962,833,0 63,73,453,138,0
images/(437).png 876,671,1424,826,0 65,74,454,136,0
images/(438).png 432,610,860,782,0 61,74,454,136,0
images/(439).png 203,642,661,838,0 939,650,1362,840,0 61,74,458,136,0
images/(440).png 959,320,1174,444,0 71,70,457,136,0
images/(441).png 799,350,1491,669,0 71,70,452,132,0
images/(442).png 36,647,660,846,0 71,66,452,132,0
images/(443).png 198,721,1392,850,0 74,66,452,143,0
images/(444).png 721,238,1288,421,0 66,73,450,143,0
images/(445).png 523,420,1242,536,0 66,73,451,136,0
images/(446).png 315,362,598,435,0 71,77,445,136,0
images/(447).png 417,697,1173,841,0 71,77,449,135,0
images/(448).png 295,354,619,532,0 66,71,447,134,0
images/(449).png 579,474,1019,621,0 63,73,453,140,0
images/(450).png 410,712,1129,853,0 63,74,453,140,0
images/(451).png 357,716,1253,848,0 63,74,456,139,0
images/(452).png 346,715,1265,844,0 71,69,453,139,0
images/(453).png 79,659,532,820,0 71,69,455,132,0
images/(454).png 498,358,1094,529,0 63,69,456,132,0
images/(455).png 397,721,1202,847,0 63,69,457,144,0
images/(456).png 192,694,1407,845,0 69,77,458,144,0
images/(457).png 61,638,930,840,0 69,77,455,138,0
images/(458).png 344,721,1256,831,0 69,70,455,137,0
images/(459).png 42,634,606,835,0 69,70,448,141,0
images/(460).png 47,653,387,823,0 73,73,448,142,0
images/(461).png 59,658,430,819,0 73,73,457,135,0
images/(462).png 70,658,468,830,0 73,77,457,135,0
images/(463).png 51,667,623,858,0 73,77,450,139,0
images/(464).png 59,663,490,830,0 69,75,450,138,0
images/(465).png 424,720,1179,849,0 69,75,454,140,0
images/(466).png 75,75,453,140,0
images/(467).png 266,593,765,764,0 75,75,448,136,0
images/(468).png 506,467,832,585,0 67,67,448,136,0
images/(469).png 410,614,1170,840,0 67,67,451,136,0
images/(470).png 125,610,607,771,0 61,73,451,136,0
images/(471).png 149,634,713,840,0 61,73,455,143,0
images/(472).png 66,73,455,143,0
images/(473).png 161,705,711,849,0 67,73,456,140,0
images/(474).png 291,748,1163,852,0 71,71,457,140,0
images/(475).png 332,729,1243,845,0 71,71,452,134,0
images/(476).png 581,663,1036,845,0 65,74,453,135,0
images/(477).png 109,419,626,539,0 65,74,457,140,0
images/(478).png 69,67,461,140,0
images/(479).png 59,639,581,834,0 69,67,451,138,0
images/(480).png 31,634,630,844,0 73,75,451,138,0
images/(481).png 497,701,1117,834,0 73,77,462,140,0
images/(482).png 877,353,1453,558,0 70,73,462,140,0
images/(483).png 449,657,1153,853,0 70,73,462,140,0
images/(484).png 59,705,667,836,0 62,75,462,140,0
images/(485).png 324,705,1259,833,0 66,71,450,142,0
images/(486).png 128,455,670,563,0 59,71,449,142,0
images/(487).png 553,404,1054,518,0 51,73,465,144,0
images/(488).png 456,678,1136,829,0 69,71,467,144,0
images/(489).png 52,653,594,828,0 69,71,450,141,0
images/(490).png 435,740,1105,826,0 74,71,448,141,0
images/(491).png 533,370,1046,531,0 74,73,455,138,0
images/(492).png 423,712,1175,837,0 62,70,455,137,0
images/(493).png 50,671,1008,839,0 59,69,457,143,0
images/(494).png 480,657,1117,841,0 74,70,452,140,0
images/(495).png 50,704,600,843,0 58,71,459,132,0
images/(496).png 183,365,696,571,0 66,71,462,149,0
images/(497).png 50,631,779,818,0 65,70,455,141,0
images/(498).png 493,697,1093,837,0 61,70,453,139,0
images/(499).png 379,285,979,484,0 77,73,448,139,0
images/(500).png 196,358,641,548,0 70,66,449,137,0
images/(501).png 666,205,1119,303,0 74,74,452,135,0
images/(502).png 48,649,1098,839,0 69,75,457,137,0
images/(503).png 191,647,1389,842,0 66,73,463,142,0
images/(504).png 390,359,1196,537,0 62,65,458,147,0
images/(505).png 396,671,1218,854,0 73,70,419,139,0
images/(506).png 552,747,1065,844,0 67,66,414,139,0
images/(507).png 541,744,1060,838,0 71,71,411,138,0
images/(508).png 540,637,1077,836,0 74,73,412,140,0
images/(509).png 304,319,1276,565,0 69,74,411,133,0
images/(510).png 160,666,1455,840,0 67,71,414,138,0
images/(511).png 401,708,1202,836,0 61,66,415,143,0
images/(512).png 363,638,1235,771,0 61,70,412,139,0
images/(513).png 497,674,1111,827,0 65,75,415,134,0
images/(514).png 449,326,1143,482,0 69,78,412,140,0
images/(515).png 494,715,1093,833,0 54,74,413,131,0
images/(516).png 326,126,785,289,0 66,74,412,131,0
images/(517).png 645,378,1094,496,0 71,69,415,136,0
images/(518).png 433,509,970,611,0 71,70,415,135,0
images/(519).png 335,155,654,245,0 67,77,623,155,0
images/(520).png 517,355,1057,525,0 74,78,414,133,0
images/(521).png 548,361,1041,524,0 63,77,416,140,0
images/(522).png 694,453,1302,538,0 66,65,412,134,0
images/(523).png 449,717,1162,835,0 71,69,418,140,0
images/(524).png 608,291,796,366,0 54,63,420,133,0
images/(525).png 369,121,580,207,0 70,73,409,135,0
images/(526).png 425,709,1175,835,0 74,77,416,134,0
images/(527).png 472,725,1126,831,0 75,73,414,139,0
images/(528).png 339,721,1250,838,0 57,66,415,136,0
images/(529).png 240,717,1354,833,0 63,74,417,136,0
images/(530).png 433,655,1153,838,0 67,71,411,138,0
images/(531).png 654,571,1124,660,0 69,70,418,143,0
images/(532).png 596,692,1017,839,0 63,63,412,134,0
images/(533).png 626,408,750,487,0 63,63,412,138,0
images/(534).png 626,406,1193,695,0 69,78,411,136,0
images/(535).png 637,708,956,822,0 61,75,418,134,0
images/(536).png 451,326,892,489,0 61,70,418,139,0
images/(537).png 540,310,1144,516,0 81,78,407,136,0
images/(538).png 599,476,890,578,0 945,161,1388,263,0 69,69,407,132,0
images/(539).png 429,328,744,440,0 71,69,413,131,0
images/(540).png 747,132,988,230,0 63,75,412,136,0
images/(541).png 340,622,1256,839,0 63,69,412,135,0
images/(542).png 409,493,1288,663,0 57,71,408,134,0
images/(543).png 488,635,1100,834,0 63,74,407,133,0
images/(544).png 541,733,1052,855,0 59,70,410,136,0
images/(545).png 443,716,1149,834,0 67,75,411,132,0
images/(546).png 116,706,1459,832,0 63,74,420,135,0
images/(547).png 576,721,1036,834,0 71,78,420,137,0
images/(548).png 435,750,1172,835,0 65,69,430,135,0
images/(549).png 202,720,1398,834,0 62,67,424,132,0
images/(550).png 107,654,857,782,0
images/(551).png 326,274,1279,577,0
images/(552).png 553,719,1038,838,0
images/(553).png 369,707,1248,842,0
images/(554).png 398,691,1213,826,0 439,820,1571,886,0
images/(555).png 260,723,1346,822,0 444,822,1557,888,0
images/(556).png 399,583,1215,830,0 437,825,1564,881,0
images/(557).png 298,640,1307,831,0 442,817,1559,890,0
images/(558).png 315,656,1278,830,0 442,815,1554,891,0
images/(559).png 494,727,1100,823,0 441,825,1562,880,0
images/(560).png 638,720,967,822,0 863,227,1174,322,0 438,817,1552,887,0
images/(561).png 244,464,626,614,0 445,821,1560,888,0
images/(562).png 442,816,1567,883,0
images/(563).png 619,410,1253,505,0 429,808,1561,889,0
images/(564).png 514,714,1110,830,0
images/(565).png 85,450,869,657,0
images/(566).png 533,384,831,488,0
images/(567).png 380,721,1231,833,0
images/(568).png 418,429,783,535,0
images/(569).png 553,711,1073,832,0
images/(570).png 268,701,1361,831,0
images/(571).png 474,715,1125,831,0
images/(572).png 480,737,1125,828,0
images/(573).png 531,725,1080,832,0
images/(574).png 174,721,772,833,0
images/(575).png 263,351,1325,572,0
images/(576).png 636,736,812,834,0
images/(577).png 500,472,1081,574,0
images/(578).png 258,681,1378,834,0
images/(579).png 72,586,1251,835,0
images/(580).png 629,720,987,830,0
images/(581).png 246,454,1055,558,0
images/(582).png 640,655,981,819,0
images/(583).png 460,661,1142,830,0
images/(584).png 265,674,1343,836,0
images/(585).png 376,693,1234,833,0
images/(586).png 441,706,1167,832,0
images/(587).png 557,653,1051,822,0
images/(588).png 1024,486,1268,595,0
images/(589).png 788,497,1477,697,0
images/(590).png 434,626,1178,826,0
images/(591).png 483,664,1126,826,0
images/(592).png 357,710,1251,838,0
images/(593).png 211,646,1383,827,0
images/(594).png 
images/(595).png 473,720,1194,832,0
images/(596).png 1066,508,1320,601,0
images/(597).png 825,489,1463,608,0
images/(598).png 437,476,810,641,0
images/(599).png 147,702,1450,833,0
images/(600).png 662,424,953,571,0
images/(601).png 987,497,1484,696,0
images/(602).png 470,671,1144,832,0
images/(603).png 469,720,1138,830,0
images/(604).png 299,722,1307,834,0
images/(605).png 830,432,1047,520,0
images/(606).png 359,710,1236,828,0
images/(607).png 720,545,1554,766,0
images/(608).png 498,717,1129,826,0
images/(609).png 445,530,1318,688,0
images/(610).png 208,266,742,422,0
images/(611).png 372,701,1228,828,0
images/(612).png 523,719,1075,830,0
images/(613).png 471,714,1156,826,0
images/(614).png 358,359,840,471,0
images/(615).png 
images/(616).png 464,687,1129,828,0
images/(617).png 930,610,1494,714,0
images/(618).png 267,156,855,329,0 939,534,1246,629,0
images/(619).png 
images/(620).png 146,703,1419,834,0
images/(621).png 60,187,907,377,0
images/(622).png 377,633,1244,836,0
images/(623).png 218,716,1392,829,0
images/(624).png 610,495,1019,595,0
images/(625).png 573,172,1035,300,0
images/(626).png 252,657,1348,830,0
images/(627).png 694,723,1277,824,0
images/(628).png 511,539,1089,643,0
images/(629).png 595,726,1022,827,0
images/(630).png 955,493,1397,611,0
images/(631).png 214,678,1430,837,0
images/(632).png 272,681,901,820,0
images/(633).png 288,711,1298,820,0
images/(634).png 246,239,1019,369,0
images/(635).png 490,713,1141,828,0
images/(636).png 254,718,1350,827,0
images/(637).png 232,654,1415,832,0
images/(638).png 462,710,1160,828,0
images/(639).png 473,720,1141,827,0
images/(640).png 470,724,831,822,0
images/(641).png 394,702,1211,836,0
images/(642).png 565,736,1052,832,0
images/(643).png 531,719,1100,825,0
images/(644).png 572,380,999,503,0
images/(645).png 210,717,1405,824,0
images/(646).png 281,720,1324,824,0
images/(647).png 545,724,1053,825,0
images/(648).png 320,719,1286,835,0
images/(649).png 447,664,1162,826,0
images/(650).png 
images/(651).png 1076,238,1564,404,0
images/(652).png 488,674,1114,828,0
images/(653).png 69,635,908,831,0
images/(654).png 608,704,1014,823,0
images/(655).png 634,548,1087,696,0
images/(656).png 609,717,1013,834,0
images/(657).png 252,706,1358,832,0
images/(658).png 494,722,1119,826,0
images/(659).png 344,724,1264,824,0
images/(660).png 757,377,1107,488,0
images/(661).png 830,509,1371,615,0
images/(662).png 427,630,1214,830,0
images/(663).png 879,58,1202,154,0
images/(664).png 875,58,1170,153,0
images/(665).png 530,96,981,261,0
images/(666).png 406,741,1215,827,0
images/(667).png 762,375,1545,602,0
images/(668).png 243,437,585,599,0
images/(669).png 
images/(670).png 404,673,942,811,0
images/(671).png 500,602,1080,800,0
images/(672).png 303,685,1307,839,0
images/(673).png 282,724,1322,829,0
images/(674).png 323,723,1274,824,0
images/(675).png 487,726,1131,822,0
images/(676).png 377,372,1218,494,0
images/(677).png 511,720,1110,831,0
images/(678).png 60,657,829,830,0
images/(679).png 402,738,1211,831,0
images/1.png 343,542,984,653,0 1039,375,1695,688,0
images/2.png 253,488,1006,595,0 307,632,816,824,0 5,10,85,41,0 1765,64,1829,135,0
images/3.png 405,93,785,272,0 1118,112,1481,277,0
images/4.png 446,937,1471,1038,0 1765,64,1830,129,0
images/5.png 307,934,1613,1046,0 1220,211,1671,310,0 831,89,955,152,0 816,450,890,507,0 1068,611,1143,693,0 1164,411,1265,469,0 1042,218,1130,263,0 1016,377,1109,430,0 908,218,1004,266,0 697,187,767,247,0 1761,67,1830,132,0
images/6.png 1112,262,1448,498,0 660,694,846,768,0 314,942,1610,1038,0 1765,67,1828,130,0
images/7.png 586,166,1289,301,0 885,465,1075,564,0 875,935,1047,1041,0 1767,68,1828,132,0
images/8.png 861,231,1062,295,0 493,863,582,923,0 1394,800,1476,858,0 526,943,1387,1040,0 1685,39,1851,133,0
images/9.png 146,786,371,875,0 155,893,1773,1029,0 1108,126,1388,262,0 582,126,874,256,0 1682,38,1848,131,0
images/10.png 368,935,1557,1051,0 981,360,1013,403,0 1009,131,1097,175,0 1361,112,1670,171,0 1364,179,1661,238,0
images/11.png 5,6,346,45,0 812,840,1109,938,0 385,939,1534,1043,0 997,538,1049,615,0 1049,156,1186,224,0
images/12.png 502,835,1416,942,0 675,942,1241,1046,0 1681,44,1851,128,0
images/13.png 375,75,550,125,0 1682,44,1848,126,0
images/14.png 375,75,546,124,0 546,356,1283,517,0 434,527,1496,699,0 1685,40,1848,127,0
images/15.png 107,835,1816,987,0 380,78,542,126,0 1684,49,1845,126,0
images/16.png 377,78,549,127,0 1684,43,1847,126,0 397,849,1525,1000,0
images/17.png 376,75,547,124,0 1681,44,1847,130,0 1557,902,1827,993,0
images/18.png 70,742,1158,850,0 377,80,542,121,0 1690,49,1846,128,0 69,851,880,918,0 70,915,826,982,0
images/19.png 75,668,968,779,0 72,919,415,997,0 73,851,414,918,0 70,782,569,854,0 1450,265,1503,303,0 375,77,547,126,0
images/20.png 562,842,1276,997,0 1690,45,1848,129,0 378,79,544,127,0
images/21.png 262,860,1666,988,0 1689,47,1847,127,0 376,77,548,129,0
images/22.png 375,78,549,128,0 620,893,1051,990,0 615,795,1307,894,0
images/23.png 375,78,549,128,0 1684,48,1851,120,0 831,524,1090,622,0 827,430,1092,524,0
images/24.png 375,78,541,128,0 1684,48,1851,120,0 72,918,469,993,0 72,847,468,920,0 70,785,436,852,0 68,713,737,786,0
images/25.png 375,78,541,128,0 1684,48,1851,120,0 1202,557,1660,656,0 1201,466,1577,557,0
images/26.png 375,78,541,128,0 1684,48,1851,120,0 704,886,1218,982,0 698,796,1085,885,0
images/27.png 375,78,541,128,0 1684,48,1851,120,0 229,707,841,874,0
images/28.png 375,78,541,128,0 1684,48,1851,120,0 622,825,1300,1044,0
images/29.png 375,78,541,128,0 1684,48,1851,120,0 787,890,1105,986,0 785,801,1132,892,0
images/30.png 375,78,541,128,0 1684,48,1851,120,0 664,478,1257,582,0
images/31.png 375,78,541,128,0 1684,48,1851,120,0 422,678,1420,945,0
images/32.png 375,78,541,128,0 1684,48,1851,120,0 1026,567,1625,664,0 1023,473,1482,565,0
images/33.png 375,78,541,128,0 1684,48,1851,120,0 827,612,1095,718,0
images/34.png 375,78,541,128,0 1684,48,1851,120,0 301,846,1621,989,0
images/35.png 375,78,541,128,0 1684,48,1851,120,0 80,859,1041,987,0 78,752,770,858,0
images/36.png 375,78,541,128,0 1684,48,1851,120,0 439,888,609,990,0 433,792,608,888,0 1156,234,1669,336,0 1156,142,1509,234,0
images/37.png 375,78,541,128,0 1684,48,1851,120,0 478,855,1454,993,0
images/38.png 375,78,541,128,0 1684,48,1851,120,0 885,889,1732,990,0 880,797,1847,888,0
images/39.png 375,78,541,128,0 1684,48,1851,120,0 238,841,1693,996,0
images/40.png 375,78,541,128,0 1684,48,1851,120,0 280,839,1638,997,0
images/41.png 375,78,541,128,0 1684,48,1851,120,0 521,889,1401,998,0 523,792,1338,890,0
images/42.png 375,78,541,128,0 1684,48,1851,120,0 436,846,1480,1003,0
images/43.png 375,78,541,128,0 1684,48,1851,120,0 171,835,1760,1005,0
images/44.png 375,78,541,128,0 1684,48,1851,120,0 475,548,1231,667,0
images/45.png 375,78,541,128,0 1684,48,1851,120,0 137,870,1784,991,0
images/46.png 375,78,541,128,0 1684,48,1851,120,0 338,539,1802,877,0
images/47.png 375,78,541,128,0 1684,48,1851,120,0 436,856,1525,993,0
images/48.png 375,78,541,128,0 1684,48,1851,120,0 156,529,908,635,0 153,439,809,528,0
images/49.png 375,78,541,128,0 1684,48,1851,120,0 415,830,1513,1037,0 1559,171,1751,205,0 1738,140,1811,170,0 1559,136,1726,171,0
images/50.png 375,78,541,128,0 1684,48,1851,120,0 1557,172,1752,201,0 1738,138,1811,171,0 1554,137,1726,171,0 606,858,1500,993,0 417,736,1047,855,0
images/51.png 375,78,541,128,0 1684,48,1851,120,0 72,914,492,988,0 70,800,707,913,0 1559,171,1756,200,0 1734,137,1813,172,0 1555,138,1726,171,0
images/52.png 375,78,541,128,0 1684,48,1851,120,0 554,890,1311,992,0 549,792,1370,890,0 1558,137,1726,175,0 1735,137,1810,173,0 1557,174,1756,199,0
images/53.png 375,78,541,128,0 1684,48,1851,120,0 599,829,1304,1036,0
images/54.png 375,78,541,128,0 1684,48,1851,120,0 174,852,1751,995,0
images/55.png 375,78,541,128,0 1684,48,1851,120,0 1110,890,1844,987,0 1105,795,1814,891,0
images/56.png 375,78,541,128,0 1684,48,1851,120,0 248,893,799,987,0 84,808,733,894,0
images/57.png 375,78,541,128,0 1684,48,1851,120,0 231,897,564,988,0 84,806,413,895,0
images/58.png 375,78,541,128,0 1684,48,1851,120,0 135,856,656,993,0 69,736,508,855,0
images/59.png 375,78,541,128,0 1684,48,1851,120,0 210,851,738,997,0 86,743,569,852,0
images/60.png 375,78,541,128,0 1684,48,1851,120,0 78,844,627,1009,0
images/61.png 375,78,541,128,0 1684,48,1851,120,0 73,855,958,991,0 72,749,355,855,0
images/62.png 375,78,541,128,0 1684,48,1851,120,0 73,876,328,990,0
images/63.png 375,78,541,128,0 1684,48,1851,120,0 148,844,1014,997,0 1018,874,1764,995,0
images/64.png 1685,48,1848,125,0 378,78,603,126,0 483,858,1436,994,0
images/65.png 1685,48,1848,125,0 378,78,603,126,0 556,826,1383,994,0
images/66.png 1685,48,1848,125,0 378,78,603,126,0 836,821,1080,981,0
images/67.png 1685,48,1848,125,0 378,78,603,126,0 1275,626,1646,733,0 1158,537,1647,629,0
images/68.png 1685,48,1848,125,0 378,78,603,126,0 543,244,791,361,0 1192,152,1431,269,0 316,886,810,988,0 1153,712,1496,814,0 1148,616,1719,714,0
images/69.png 1685,48,1848,125,0 378,78,603,126,0 993,221,1177,327,0
images/70.png 1685,48,1848,125,0 378,78,603,126,0 1347,448,1641,547,0 1350,543,1723,645,0
images/71.png 1685,48,1848,125,0 378,78,603,126,0 1371,473,1697,599,0 187,874,333,967,0
images/72.png 1685,48,1848,125,0 378,78,603,126,0 80,845,1849,1003,0
images/73.png 1685,48,1848,125,0 378,78,603,126,0 394,851,1532,1011,0
images/74.png 1685,48,1848,125,0 378,78,603,126,0 404,880,674,997,0 694,832,1525,1033,0
images/75.png 1685,48,1848,125,0 378,78,603,126,0 889,472,1705,625,0 311,684,794,719,0 167,718,540,758,0 718,850,800,888,0 275,849,563,890,0 167,886,268,920,0 171,932,294,975,0 167,983,771,1019,0 171,1023,615,1051,0
images/76.png 1685,48,1848,125,0 378,78,603,126,0 73,793,1157,891,0 338,889,1432,990,0
images/77.png 1685,48,1848,125,0 378,78,603,126,0 753,841,1170,996,0
images/78.png 1685,48,1848,125,0 378,78,603,126,0 406,860,1519,991,0
images/79.png 1685,48,1848,125,0 378,78,603,126,0 72,791,1519,895,0 337,894,1164,986,0
images/80.png 1685,48,1848,125,0 378,78,603,126,0 70,729,353,798,0 75,790,839,893,0 78,894,752,982,0
images/81.png 1685,48,1848,125,0 378,78,603,126,0 96,787,344,842,0 104,856,1091,913,0 107,913,884,973,0
images/82.png 1685,48,1848,125,0 378,78,603,126,0 1191,788,1846,891,0 1189,893,1730,984,0
images/83.png 1685,48,1848,125,0 378,78,603,126,0 1306,795,1848,891,0 968,890,1839,986,0
images/84.png 1685,48,1848,125,0 378,78,603,126,0 858,888,1363,999,0 1363,840,1852,1002,0
images/85.png 1685,48,1848,125,0 378,78,603,126,0 394,837,1526,994,0
images/86.png 1685,48,1848,125,0 378,78,603,126,0 694,534,1065,630,0 694,726,1129,820,0 693,626,1205,725,0
images/87.png 1685,48,1848,125,0 378,78,603,126,0 1451,411,1645,522,0 700,601,1686,703,0 703,702,1412,803,0
images/88.png 1685,48,1848,125,0 378,78,603,126,0 694,634,1394,736,0 693,736,1260,828,0
images/89.png 1685,48,1848,125,0 378,78,603,126,0 411,433,1506,625,0
images/90.png 376,77,573,127,0 1689,43,1846,123,0 181,863,1739,996,0
images/91.png 376,77,573,127,0 1689,43,1846,123,0 212,847,1706,992,0
images/92.png 376,77,573,127,0 1689,43,1846,123,0 412,841,1529,992,0
images/93.png 376,77,573,127,0 1689,43,1846,123,0 824,795,1586,894,0 1138,895,1845,991,0 1553,136,1727,172,0 1736,135,1810,173,0 1557,172,1756,203,0
images/94.png 376,77,573,127,0 1689,43,1846,123,0 74,825,364,890,0 73,894,1142,978,0 1558,137,1729,173,0 1735,138,1808,171,0 1558,174,1755,200,0
images/95.png 376,77,573,127,0 1689,43,1846,123,0 294,847,728,912,0 294,914,1204,978,0 1558,136,1725,171,0 1736,136,1810,171,0 1560,171,1752,200,0 122,864,220,904,0
images/96.png 376,77,573,127,0 1689,43,1846,123,0 123,863,220,907,0 298,845,1700,913,0 297,913,1246,976,0
images/97.png 376,77,573,127,0 1689,43,1846,123,0 316,868,1610,994,0
images/98.png 376,77,573,127,0 1689,43,1846,123,0 121,775,1793,873,0 849,874,1800,996,0 1167,115,1644,227,0
images/99.png 376,77,573,127,0 1689,43,1846,123,0 631,858,1302,999,0
images/100.png 376,77,573,127,0 214,839,1709,1004,0 1768,67,1829,132,0
images/subtitle_001.jpg 113,209,154,240,0 78,241,211,280,0 308,222,542,300,0 3,6,62,43,0
images/subtitle_002.jpg 135,14,194,37,0 81,204,445,258,0
images/subtitle_003.jpg 34,26,229,109,0 185,415,790,497,0 657,494,904,529,0
images/subtitle_004.png 189,131,308,221,0 537,128,639,210,0 74,293,200,349,0 68,342,754,411,0
images/subtitle_005.jpg 22,556,127,593,0 171,434,508,579,0 602,485,1077,606,0
images/subtitle_006.png 163,307,541,363,0 97,45,197,68,0
images/subtitle_008.png 239,414,725,490,0 243,378,548,420,0 50,65,111,86,0
images/subtitle_009.jpg 205,29,288,57,0 114,265,183,302,0 129,299,272,337,0 151,337,473,387,0
images/subtitle_010.jpg 153,241,452,306,0 39,19,165,50,0
images/subtitle_011.jpg 60,23,177,48,0 92,275,136,305,0 85,291,529,343,0
images/subtitle_012.jpg 118,253,486,297,0 32,22,183,49,0
images/subtitle_013.jpg 39,16,138,54,0 55,243,329,357,0
images/subtitle_014.jpg 136,360,760,451,0 50,29,207,107,0
images/subtitle_015.jpg 194,263,486,331,0 189,329,537,397,0
images/subtitle_016.png 351,271,654,370,0
images/subtitle_017.jpg 23,264,230,358,0 237,257,505,351,0 101,21,271,48,0
images/subtitle_018.jpeg 49,232,190,294,0 418,233,525,288,0 40,24,149,59,0
images/subtitle_019.jpg 5,411,543,474,0 645,411,907,451,0 644,360,758,416,0
images/subtitle_020.jpg 533,470,719,544,0 394,549,863,634,0 461,717,788,776,0 1076,798,1223,831,0
images/subtitle_021.jpg 385,176,502,211,0 385,213,512,239,0
images/subtitle_022.jpg 149,553,1130,651,0 42,49,292,113,0
images/subtitle_023.jpg 164,262,494,313,0 310,309,530,362,0 125,44,206,62,0 98,25,231,46,0
images/subtitle_024.jpg 319,218,491,274,0
images/subtitle_025.jpg 114,409,610,476,0 109,564,612,609,0 271,634,451,677,0
images/subtitle_026.jpg 75,189,221,230,0 229,133,292,170,0 337,202,468,239,0 469,213,598,254,0
images/subtitle_027.jpg 119,25,229,50,0 168,220,410,263,0 276,259,431,305,0
images/subtitle_028.jpg 40,232,250,310,0 331,226,563,306,0
images/subtitle_029.jpg 102,217,237,242,0 125,243,418,278,0 128,24,189,44,0
images/subtitle_030.jpg 105,210,403,260,0 132,18,193,37,0
images/subtitle_031.JPG 86,19,145,43,0 27,212,160,241,0 42,242,305,281,0
images/subtitle_032.png 95,92,405,174,0 133,186,364,271,0 57,301,444,350,0
images/subtitle_033.jpg 36,37,108,83,0 131,295,531,362,0 287,358,690,423,0
images/subtitle_034.PNG 269,248,548,312,0 89,26,156,47,0
images/subtitle_035.jpg 122,263,476,299,0 79,22,170,51,0
images/subtitle_036.jpg 55,188,223,221,0 116,220,460,263,0 32,20,75,38,0
images/subtitle_037.jpg 301,214,696,275,0
images/subtitle_038.jpg 39,101,160,133,0 358,119,428,135,0 73,265,192,284,0 309,260,419,279,0 301,248,348,261,0
images/subtitle_039.jpg 85,190,380,249,0 92,466,384,516,0 38,700,223,783,0
images/subtitle_041.jpg 123,260,284,291,0 181,299,539,358,0
images/subtitle_042.jpeg 27,369,174,406,0 18,411,558,489,0 179,487,1013,584,0
images/subtitle_043.jpg 40,260,573,315,0 325,233,405,263,0
images/subtitle_044.jpg 72,26,240,64,0 779,350,1019,440,0 227,498,295,554,0 276,549,983,655,0
images/subtitle_045.jpg 79,120,228,154,0
images/subtitle_047.jpg 78,74,332,212,0 353,104,990,161,0 460,1019,1040,1151,0 518,1165,2107,1300,0
images/subtitle_048.png 69,143,322,257,0 153,336,641,409,0
images/subtitle_049.jpg 12,29,173,47,0 359,239,587,324,0 14,259,362,347,0
images/subtitle_050.jpg 40,1,481,69,0 356,435,888,631,0
images/subtitle_051.JPG 50,245,539,303,0 101,19,178,51,0
images/subtitle_052.jpg 34,51,144,116,0 112,288,346,486,0 922,295,1230,500,0 384,542,1080,679,0
images/subtitle_053.jpg 55,78,410,138,0 106,390,245,438,0 82,667,438,713,0
images/subtitle_055.jpg 179,270,238,334,0 254,296,315,353,0 340,269,398,331,0 413,294,476,354,0 72,7,170,41,0 1,49,60,63,0
images/subtitle_056.jpg 48,36,184,87,0 359,264,627,337,0 165,390,257,416,0 155,420,810,489,0
images/subtitle_057.jpg 77,222,269,259,0 86,19,145,44,0
images/subtitle_058.jpg 90,30,260,59,0 469,12,625,98,0 483,101,695,182,0 58,80,220,137,0 17,139,162,224,0 214,260,497,360,0
images/subtitle_059.png 63,42,169,106,0 174,47,317,88,0 239,386,321,417,0 233,417,744,500,0
images/subtitle_060.jpg 108,91,285,200,0 34,384,204,427,0 111,654,569,702,0 111,627,219,653,0
images/subtitle_061.jpg 79,248,397,291,0 85,232,232,250,0
images/subtitle_062.jpg 141,374,646,455,0
images/subtitle_063.jpg 62,199,145,266,0 161,209,247,262,0 258,208,347,268,0 368,207,454,263,0
images/subtitle_064.jpg 11,107,234,136,0
images/subtitle_065.jpg 
images/subtitle_066.jpg 144,506,1088,659,0 39,30,269,94,0
images/subtitle_067.jpg 118,262,505,338,0
images/subtitle_069.jpg 290,453,794,558,0 236,40,355,71,0 52,30,209,79,0
images/subtitle_070.jpg 74,188,310,249,0 188,479,321,532,0 125,297,183,317,0 127,14,184,36,0
images/subtitle_071.jpg 46,243,545,303,0 35,23,229,51,0 185,55,218,84,0 231,48,263,76,0 128,52,157,77,0 78,59,119,88,0 25,54,59,82,0
images/subtitle_072.jpg 86,240,525,313,0 34,20,65,42,0
images/subtitle_073.jpg 92,167,343,222,0 98,397,341,470,0 14,6,65,26,0
images/subtitle_074.png 457,519,832,663,0 55,36,192,143,0 194,49,393,111,0 60,147,107,166,0
images/subtitle_075.jpg 388,237,527,276,0 179,214,296,262,0 164,190,205,217,0
images/subtitle_076.jpg 155,212,500,284,0 128,528,416,581,0 57,487,225,524,0 41,349,67,363,0 41,48,66,62,0
images/subtitle_077.jpg 154,202,351,251,0 122,24,197,40,0
images/subtitle_078.jpg 74,123,279,152,0 195,40,286,82,0 37,130,67,149,0
images/subtitle_079.jpg 127,20,188,40,0 77,221,438,269,0
images/subtitle_080.png 388,167,580,222,0 38,28,272,64,0
images/subtitle_081.jpg 265,181,458,233,0 331,228,506,290,0 79,79,130,123,0
images/subtitle_082.jpg 131,35,329,82,0 462,756,1312,936,0
images/subtitle_083.jpg 142,316,545,368,0 105,48,195,67,0
images/subtitle_084.jpg 46,194,103,220,0 182,190,258,223,0 298,193,364,223,0
images/subtitle_085.jpg 148,265,474,316,0 68,570,303,638,0 30,343,119,363,0 29,13,118,34,0
images/subtitle_086.jpg 214,211,301,252,0 128,463,375,508,0
images/subtitle_087.jpg 133,180,271,255,0 85,495,210,549,0 353,506,411,545,0
images/subtitle_088.jpg 51,185,151,235,0 65,233,275,315,0 491,207,618,317,0 431,298,468,326,0
images/subtitle_089.jpg 269,521,997,660,0 60,45,470,108,0
images/subtitle_090.jpg 
images/subtitle_091.jpg 55,28,205,79,0 235,39,358,67,0 359,293,1049,409,0
images/subtitle_092.jpg 6,56,110,74,0 11,201,107,217,0 145,198,218,217,0 119,271,234,286,0 115,14,232,30,0 138,132,218,145,0 19,128,99,141,0 78,157,104,174,0
images/subtitle_093.jpg 53,218,473,290,0 25,9,167,44,0
images/subtitle_094.jpg 127,169,277,210,0 25,11,87,46,0 56,408,359,446,0 23,245,107,279,0
images/subtitle_095.jpg 112,345,643,405,0 157,742,605,834,0 196,467,285,498,0 189,39,276,74,0
images/subtitle_096.jpg 142,204,360,255,0 88,454,214,505,0 36,289,130,312,0
images/subtitle_097.jpg 70,128,252,171,0
images/subtitle_098.jpg 282,206,565,310,0 44,34,108,73,0
images/subtitle_099.jpg 0,111,238,143,0
images/subtitle_100.jpg 144,177,310,224,0
images/2019-04-29(1).png 401,689,516,827,0 512,697,625,837,0 665,665,800,838,0 796,673,940,841,0 957,665,1074,834,0 1063,678,1223,833,0 68,78,119,132,0 115,78,153,130,0 151,77,190,129,0
images/2019-04-29(2).png 67,80,118,131,0 116,77,153,132,0 150,78,192,133,0 425,726,513,823,0 514,725,590,820,0 606,726,693,823,0 711,725,766,822,0 768,732,817,822,0 817,732,872,820,0 882,730,941,815,0 941,728,994,818,0 993,726,1051,819,0 1053,729,1119,817,0 1118,732,1173,821,0
images/2019-04-29(3).png 72,71,119,133,0 117,78,151,131,0 150,78,190,131,0 667,763,706,812,0 712,767,738,811,0 739,768,771,811,0 771,767,800,811,0 807,768,838,808,0 839,767,874,811,0 876,767,912,810,0 921,766,955,810,0 955,766,987,809,0 988,770,1013,805,0 561,765,593,812,0 594,766,613,810,0 614,767,636,810,0
images/2019-04-29(4).png 482,761,518,815,0 519,763,543,815,0 541,766,558,811,0 598,766,635,814,0 638,768,670,810,0 673,769,695,808,0 695,770,713,809,0 716,770,748,807,0 759,769,796,809,0 802,767,838,810,0 839,765,876,812,0 875,768,906,811,0 912,769,942,810,0 949,766,985,815,0 984,769,1014,810,0 1021,768,1058,810,0 1059,769,1085,811,0 1085,767,1114,811,0 71,70,118,131,0 118,77,150,131,0 150,78,190,131,0
images/2019-04-29(5).png 76,75,118,129,0 118,76,152,132,0 151,78,190,128,0 940,497,999,582,0 1007,504,1060,580,0 1062,502,1100,581,0 1099,503,1142,582,0 1160,502,1209,580,0 1209,506,1258,576,0 1259,506,1313,576,0 1313,508,1365,575,0 1365,505,1405,575,0 1401,514,1437,572,0 1252,579,1297,645,0 1296,579,1350,645,0 1350,579,1397,647,0 1394,585,1426,633,0
images/2019-04-29(6).png 578,715,657,819,0 658,718,740,821,0 753,719,825,822,0 828,719,894,824,0 891,722,952,823,0 72,72,119,130,0 118,77,152,133,0 150,78,191,132,0
images/2019-04-29(7).png 74,72,118,131,0 117,77,151,133,0 149,79,193,131,0 388,351,534,508,0 533,348,664,512,0 675,367,804,498,0 804,366,922,501,0 946,369,1071,504,0 1070,368,1192,510,0
images/2019-04-29(8).png 226,381,310,486,0 310,387,389,487,0 391,388,471,485,0 493,383,574,488,0 574,392,649,487,0 650,392,731,486,0 727,389,806,489,0 821,392,911,481,0 913,388,994,481,0 1010,394,1097,485,0 1089,394,1170,485,0 1169,392,1250,481,0 1322,395,1379,484,0 69,69,119,134,0 116,76,154,135,0 149,75,192,132,0
images/2019-04-29(9).png 76,77,118,128,0 117,76,155,130,0 151,79,191,129,0 225,81,251,123,0 253,85,276,122,0 278,83,301,121,0 301,84,329,122,0 339,87,365,123,0 363,87,390,122,0 265,714,365,825,0 365,724,455,828,0 466,722,548,830,0 547,730,623,831,0 621,736,699,826,0 698,740,783,822,0 789,706,884,820,0 885,715,972,835,0 973,713,1065,830,0 1067,711,1152,822,0 1150,711,1227,821,0 1296,709,1331,815,0
images/2019-04-29(10).png 224,78,252,126,0 253,79,276,124,0 278,82,302,126,0 302,83,325,123,0 336,83,361,123,0 362,85,390,122,0 72,74,117,130,0 117,78,153,132,0 151,78,188,127,0 246,660,312,736,0 314,664,373,741,0 381,667,440,735,0 441,667,497,737,0 502,666,557,736,0 567,672,607,731,0 606,673,649,731,0 647,669,708,733,0 334,741,403,818,0 398,741,465,820,0 466,744,531,826,0 540,737,615,825,0 613,735,689,824,0 686,733,754,826,0 752,746,816,820,0 828,733,900,823,0 900,735,975,824,0 970,749,1028,818,0 1029,749,1083,816,0 1097,744,1164,821,0 1161,742,1231,819,0 1228,750,1287,815,0 1286,749,1350,817,0
images/2019-04-29(11).png 140,662,215,749,0 210,658,265,754,0 264,659,335,740,0 329,676,393,733,0 190,752,256,818,0 256,752,315,820,0 313,755,384,813,0 394,735,452,820,0 448,732,505,827,0 515,732,573,819,0 576,754,640,816,0 638,754,690,817,0 722,756,773,821,0
images/2019-04-29(12).png 371,652,438,739,0 438,660,499,736,0 497,660,554,735,0 563,661,625,735,0 624,660,680,734,0 679,662,743,733,0 741,659,806,736,0 70,74,117,130,0 114,79,153,131,0 149,77,187,131,0 221,81,255,126,0 253,84,279,123,0 278,83,304,124,0 302,83,329,125,0 336,83,363,122,0 363,88,390,124,0 468,738,560,817,0 556,739,630,819,0 621,744,695,809,0 709,738,785,825,0 782,735,861,818,0 851,737,930,820,0 937,733,1016,820,0 1008,739,1086,826,0 1080,733,1159,820,0 1159,733,1229,821,0
images/2019-04-29(13).png 74,75,117,129,0 117,76,148,133,0 147,79,189,127,0 221,83,253,124,0 253,84,280,125,0 277,84,303,121,0 300,84,329,124,0 335,87,363,122,0 365,85,391,122,0 446,725,534,819,0 532,726,617,822,0 631,727,713,821,0 714,727,789,824,0 789,731,870,822,0 889,728,969,823,0 983,729,1066,824,0 1065,732,1146,820,0
images/2019-04-29(14).png 81,599,144,678,0 143,606,192,680,0 193,610,245,678,0 84,679,140,748,0 141,679,198,749,0 209,680,266,747,0 266,680,308,746,0 320,675,371,750,0 372,674,422,751,0 421,676,468,753,0 462,686,501,742,0 74,75,117,128,0 116,76,151,131,0 150,79,188,127,0 227,80,252,128,0 253,83,275,130,0 276,85,299,124,0 300,83,331,124,0 336,84,364,125,0 366,87,391,124,0
images/2019-04-29(15).png 189,548,211,584,0 213,548,238,584,0 173,589,230,673,0 233,586,299,675,0 318,590,387,680,0 388,589,455,677,0 457,589,522,680,0 534,589,605,681,0 605,590,660,678,0 680,585,757,677,0 758,584,819,678,0 817,587,874,678,0 224,88,253,125,0 1081,574,1115,612,0 1116,574,1140,615,0 1141,579,1166,611,0 1186,574,1224,613,0 1240,573,1276,610,0 1278,574,1305,610,0 1326,576,1362,614,0 1363,577,1387,615,0 1019,671,1216,888,0 1216,673,1384,888,0 1384,677,1585,887,0 362,87,390,122,0 333,87,360,122,0 300,83,325,122,0 275,87,300,123,0 253,85,275,123,0 79,74,118,131,0 120,77,149,133,0 150,78,187,129,0
images/2019-04-29(16).png 74,70,117,132,0 117,75,153,132,0 150,78,190,128,0 347,353,481,516,0 480,362,598,509,0 597,363,703,511,0 702,367,833,514,0 854,365,982,511,0 1013,368,1126,508,0 1124,368,1237,505,0 226,83,253,120,0 254,84,279,121,0 278,82,303,124,0 301,85,329,123,0 338,87,364,126,0 362,84,389,123,0
images/2019-04-29(17).png 224,82,254,127,0 253,84,279,123,0 277,83,301,122,0 300,87,327,123,0 336,85,362,120,0 361,84,389,123,0 338,720,425,824,0 423,725,493,834,0 485,740,567,816,0 569,733,646,820,0 645,733,724,823,0 720,733,789,823,0 789,738,853,820,0 871,724,954,821,0 951,731,1025,822,0 1035,733,1104,825,0 1102,732,1180,823,0 74,75,117,127,0 116,77,152,133,0 149,77,193,128,0
images/2019-04-29(18).png 74,76,118,131,0 115,72,154,133,0 151,76,190,129,0 224,83,253,125,0 253,83,279,123,0 279,84,300,122,0 302,84,332,123,0 336,81,362,123,0 365,85,390,122,0 239,380,317,476,0 318,380,387,483,0 387,388,464,484,0 475,383,547,483,0 543,392,623,482,0 629,393,703,477,0 705,392,773,477,0 773,389,841,477,0 857,391,933,481,0 929,389,1005,481,0 1002,398,1066,478,0 1062,400,1136,481,0 1138,393,1219,481,0 1217,392,1297,480,0 1292,393,1360,481,0
images/2019-04-29(19).png 75,75,119,132,0 116,75,152,134,0 150,75,190,129,0 227,85,253,125,0 253,87,277,123,0 278,87,301,125,0 302,87,327,124,0 340,84,363,122,0 365,87,391,124,0 257,728,345,825,0 346,733,421,827,0 420,732,502,821,0 503,731,578,820,0 573,736,635,815,0 644,732,729,820,0 727,732,806,817,0 829,729,904,817,0 901,731,981,822,0 996,729,1079,824,0 1079,730,1163,823,0 1177,731,1259,822,0 1258,732,1340,821,0
images/2019-04-29(20).png 75,75,117,128,0 117,78,151,132,0 150,78,190,129,0 225,85,253,122,0 252,84,280,122,0 277,84,302,122,0 301,84,328,121,0 335,85,363,122,0 363,87,388,123,0 951,458,1008,534,0 1008,461,1053,535,0 1063,461,1117,530,0 1119,461,1166,531,0 1166,464,1216,538,0 1214,467,1262,536,0 1273,463,1326,532,0 1326,465,1378,532,0 1375,466,1424,534,0 1432,462,1488,533,0
images/2019-04-29(21).png 76,71,118,130,0 118,77,153,134,0 151,78,191,131,0 224,84,254,123,0 255,85,278,122,0 279,88,303,120,0 302,85,325,122,0 341,87,363,123,0 363,85,388,121,0 805,568,896,679,0 896,570,978,664,0 974,570,1055,651,0 1053,557,1130,651,0 1121,571,1191,645,0 876,671,970,763,0 964,658,1058,750,0 1063,650,1163,756,0 1150,632,1253,746,0 1246,627,1325,725,0 1326,631,1368,723,0
images/2019-04-29(22).png 75,75,117,129,0 116,76,152,131,0 151,78,191,127,0 225,81,253,123,0 253,84,278,122,0 277,83,300,123,0 301,83,329,124,0 338,85,363,121,0 362,88,389,123,0 527,291,591,371,0 593,295,649,366,0 649,295,704,373,0 719,319,743,363,0 743,319,767,363,0 474,387,526,453,0 527,388,574,450,0 573,391,618,452,0 619,392,668,455,0 678,387,731,455,0 731,389,776,453,0 778,389,832,453,0
images/2019-04-29(23).png 75,72,119,127,0 117,75,152,131,0 150,78,188,132,0 223,85,253,123,0 254,85,276,121,0 276,85,302,121,0 302,87,327,123,0 335,85,362,123,0 365,87,390,124,0 72,512,137,582,0 140,505,214,574,0 216,498,283,570,0 283,490,349,561,0 340,489,414,556,0 422,481,489,557,0 487,472,549,548,0 544,468,615,546,0 67,582,154,674,0 160,574,244,666,0 237,579,307,664,0 330,561,427,656,0 438,548,532,641,0 531,559,598,630,0 616,530,711,638,0 706,523,795,616,0 796,525,848,607,0 848,520,902,607,0 903,518,954,605,0
images/2019-04-29(24).png 77,75,118,129,0 116,76,152,128,0 151,77,189,130,0 226,83,252,124,0 253,85,278,122,0 277,84,300,123,0 302,85,328,120,0 338,85,364,122,0 366,84,392,122,0 247,732,324,826,0 326,737,394,826,0 409,741,484,821,0 488,739,557,823,0 556,737,628,826,0 642,727,730,829,0 729,739,801,831,0 802,739,883,826,0 890,735,961,825,0 962,732,1031,825,0 1031,739,1112,832,0 1122,735,1191,829,0 1193,733,1263,828,0
images/2019-04-29(25).png 75,71,119,129,0 118,75,149,132,0 149,77,189,128,0 227,84,254,121,0 253,83,276,121,0 276,85,302,121,0 302,83,327,125,0 334,85,363,120,0 363,87,390,122,0
images/2019-04-29(26).png 76,78,118,129,0 116,78,153,135,0 149,79,188,130,0 223,82,253,124,0 254,84,277,124,0 277,83,303,123,0 300,84,330,122,0 335,84,362,122,0 362,84,392,122,0 272,663,341,732,0 343,656,408,730,0 419,652,475,723,0 478,646,537,727,0 555,637,623,725,0 326,732,431,835,0 420,727,524,821,0 508,738,598,812,0 612,697,714,821,0 711,700,803,818,0 802,700,900,801,0 898,693,995,789,0 1014,683,1104,790,0 1103,679,1193,783,0 1193,680,1263,775,0
images/2019-04-29(27).png 75,70,118,128,0 119,77,149,130,0 148,78,190,131,0 222,80,253,127,0 252,83,279,126,0 277,85,302,123,0 302,84,328,123,0 336,85,363,124,0 361,87,389,124,0 297,380,371,484,0 369,384,449,489,0 448,405,512,481,0 518,400,594,472,0 592,400,663,474,0 676,388,756,482,0 756,392,836,477,0 844,385,923,485,0 921,392,989,484,0 989,392,1058,483,0 1057,398,1132,479,0 1143,389,1217,479,0
images/2019-04-29(28).png 77,76,117,132,0 118,78,152,132,0 150,79,189,130,0 222,83,253,124,0 254,83,278,123,0 279,85,303,124,0 302,83,327,121,0 338,82,363,121,0 365,85,395,121,0 451,400,535,478,0 537,392,602,482,0 597,398,674,481,0 682,394,764,486,0 759,386,829,481,0 827,405,886,479,0 900,374,997,487,0 999,389,1074,486,0 1070,394,1150,490,0
images/2019-04-29(29).png 547,447,604,542,0 605,448,667,545,0 665,451,719,544,0 717,452,787,549,0 801,450,868,545,0 883,455,948,542,0 949,455,1015,535,0 1027,454,1081,543,0 1079,453,1147,541,0 74,71,118,130,0 118,75,153,136,0 154,78,191,129,0 228,84,253,124,0 255,87,278,125,0 278,85,301,123,0 301,85,326,121,0 339,84,363,123,0 363,87,387,121,0
images/2019-04-29(30).png 546,446,605,537,0 607,451,663,543,0 663,453,718,540,0 719,454,784,548,0 799,455,866,533,0 883,455,947,540,0 947,457,1014,539,0 1029,455,1083,536,0 1082,455,1144,536,0 547,542,627,643,0 626,545,694,640,0 710,544,781,642,0 782,544,867,644,0 883,544,962,640,0 986,544,1064,648,0 1063,545,1135,640,0 1138,543,1206,640,0 1205,542,1275,642,0 225,80,252,122,0 254,84,277,121,0 277,82,302,124,0 301,84,329,123,0 339,83,364,123,0 363,84,391,124,0 76,72,116,129,0 116,72,151,131,0 150,75,189,132,0
images/2019-04-29(31).png 70,77,119,132,0 117,77,153,135,0 153,76,192,127,0 222,83,253,124,0 252,84,279,124,0 277,87,301,119,0 303,84,328,120,0 339,84,363,121,0 365,85,388,122,0 329,343,395,415,0 394,349,451,428,0 449,353,505,427,0 361,428,449,505,0 451,427,518,514,0 533,425,611,516,0 603,426,678,510,0 676,424,751,514,0 746,442,812,510,0 817,428,891,502,0 888,423,960,514,0 971,407,1065,517,0 1056,431,1127,500,0 1129,428,1206,500,0 1201,424,1281,515,0
images/2019-04-29(32).png 436,713,519,824,0 519,720,589,829,0 589,720,670,825,0 678,712,775,829,0 777,709,852,829,0 859,714,948,822,0 950,723,1019,823,0 1018,724,1087,824,0 77,75,117,126,0 118,77,150,131,0 150,79,188,128,0 226,84,253,123,0 253,85,278,123,0 278,85,300,120,0 301,87,328,123,0 335,85,364,122,0 363,84,389,124,0
images/2019-04-29(33).png 513,378,574,457,0 574,381,617,456,0 619,381,671,459,0 670,384,725,458,0 724,385,774,456,0 785,385,846,457,0 844,385,896,455,0 595,457,645,528,0 652,457,710,525,0 722,458,775,526,0 773,459,814,526,0 831,459,872,526,0 871,458,919,526,0 931,458,981,527,0 980,457,1031,525,0 1030,455,1089,524,0 225,80,254,123,0 253,84,277,122,0 277,84,302,122,0 302,87,325,125,0 338,85,363,122,0 363,84,390,123,0 75,75,119,127,0 119,75,151,133,0 149,78,188,130,0
images/2019-04-29(34).png 75,77,117,127,0 118,77,152,132,0 151,79,188,129,0 228,84,256,124,0 254,85,277,121,0 276,87,300,123,0 300,84,328,123,0 339,85,363,123,0 363,85,389,124,0 166,279,205,330,0 206,279,225,330,0 227,280,253,328,0 275,273,311,343,0 312,274,359,341,0 369,272,412,343,0 413,272,462,341,0 464,272,513,340,0 513,278,529,334,0 532,286,579,339,0 576,280,618,331,0 614,275,649,338,0 647,282,692,329,0
images/2019-04-29(35).png 999,488,1086,604,0 1085,489,1162,610,0 1162,494,1250,604,0 1266,503,1350,600,0 1349,498,1429,600,0 76,71,117,127,0 118,76,150,133,0 150,80,188,129,0 221,82,253,123,0 253,83,278,124,0 277,85,303,122,0 300,85,328,122,0 336,85,363,120,0 362,87,389,124,0
images/2019-04-29(36).png 546,687,687,817,0 687,686,790,827,0 790,700,914,813,0 75,77,118,127,0 118,77,153,131,0 150,79,188,129,0 223,83,252,122,0 255,83,276,119,0 278,82,302,124,0 303,82,328,121,0 339,83,363,122,0 363,84,390,126,0
images/2019-04-29(37).png 971,499,1060,609,0 1060,499,1140,617,0 1139,503,1229,612,0 1242,512,1326,606,0 1324,503,1401,608,0 1399,518,1456,607,0 1454,518,1516,606,0 77,74,117,128,0 118,77,148,132,0 148,77,189,131,0 225,85,253,124,0 254,87,277,123,0 278,88,302,122,0 301,88,328,124,0 338,85,365,122,0 362,87,390,124,0
images/2019-04-29(38).png 396,379,455,447,0 454,381,499,451,0 510,381,564,450,0 565,378,612,452,0 612,382,655,449,0 667,382,720,447,0 720,381,771,452,0 399,452,453,516,0 452,453,493,516,0 494,451,536,520,0 537,453,590,521,0 591,452,632,521,0 647,453,689,517,0 687,452,739,522,0 737,451,787,519,0 802,451,842,519,0 860,450,909,520,0 909,451,951,520,0 950,451,1002,519,0 395,518,454,593,0 457,519,502,591,0 517,520,575,596,0 571,521,624,592,0 623,525,680,592,0 690,523,745,591,0 743,521,796,589,0 795,521,839,593,0 855,519,912,587,0 911,523,960,591,0 957,521,1012,587,0 77,76,117,129,0 117,78,149,130,0 149,80,189,128,0 222,85,252,123,0 253,84,276,122,0 277,87,301,122,0 301,85,325,124,0 336,85,362,124,0 362,84,389,123,0
images/2019-04-29(39).png 404,766,438,813,0 437,766,455,811,0 458,769,477,808,0 517,769,552,811,0 557,768,588,808,0 590,769,621,808,0 622,768,653,809,0 657,769,688,807,0 688,770,724,808,0 726,771,752,809,0 763,770,790,808,0 789,769,827,810,0 828,771,859,808,0 870,768,897,809,0 896,769,931,808,0 930,766,959,809,0 967,769,1002,812,0 1003,771,1029,808,0 1037,769,1075,814,0 1074,767,1106,808,0 1116,768,1155,809,0 1156,768,1193,811,0 224,83,253,121,0 255,85,276,119,0 277,84,301,122,0 301,84,330,123,0 338,85,363,124,0 362,84,387,123,0 79,72,117,128,0 118,75,152,132,0 153,78,189,127,0
images/2019-04-29(40).png 540,730,624,812,0 625,722,695,822,0 719,726,793,820,0 817,726,894,821,0 896,727,975,823,0 971,726,1063,828,0 71,74,116,129,0 117,78,152,131,0 151,78,188,129,0 225,84,253,126,0 254,85,279,125,0 277,88,303,125,0 301,87,327,125,0 336,85,362,124,0 363,85,389,121,0
images/2019-04-29(41).png 371,397,453,473,0 454,397,524,476,0 526,398,594,474,0 596,395,667,476,0 700,397,769,476,0 769,398,837,480,0 842,401,911,478,0 910,398,988,478,0 1014,399,1086,474,0 1088,398,1156,475,0 1159,398,1227,476,0 1228,400,1304,477,0 77,75,117,127,0 118,76,150,132,0 151,78,190,126,0 225,84,253,121,0 254,85,276,121,0 277,87,300,123,0 302,87,328,125,0 339,87,362,123,0 365,85,391,122,0
images/2019-04-29(42).png 222,84,252,127,0 252,85,278,120,0 276,85,302,125,0 301,88,326,126,0 338,84,362,123,0 361,84,389,123,0 74,69,118,128,0 119,75,154,133,0 150,79,189,131,0 251,717,348,822,0 354,717,425,828,0 446,723,526,816,0 521,728,603,822,0 601,730,671,822,0 671,738,735,814,0 756,731,837,820,0 854,725,939,823,0 957,731,1042,819,0 1040,728,1110,818,0 1107,739,1163,815,0 1184,727,1262,824,0 1257,729,1352,814,0 1381,130,1430,196,0 1428,134,1472,197,0 1469,141,1517,189,0
images/2019-04-29(43).png 75,75,117,127,0 116,77,150,132,0 149,78,190,129,0 225,84,252,124,0 253,84,276,124,0 277,87,301,125,0 302,85,327,124,0 339,85,364,120,0 366,85,391,121,0 468,695,497,736,0 494,697,523,734,0 447,740,515,811,0 517,731,569,813,0 571,749,618,808,0 619,753,673,810,0 670,743,713,819,0 730,726,795,824,0 794,737,844,828,0 854,739,916,810,0 911,727,975,825,0 978,723,1031,834,0 1033,730,1090,821,0 1090,743,1147,812,0
images/2019-04-29(44).png 388,659,465,734,0 470,662,534,738,0 534,660,593,737,0 596,664,650,732,0 649,660,705,734,0 699,677,751,726,0 751,675,802,729,0 801,672,859,737,0 502,742,587,819,0 586,737,654,821,0 653,738,722,821,0 735,736,804,825,0 801,739,885,824,0 894,737,975,826,0 991,733,1061,823,0 1061,735,1130,823,0 1127,735,1207,827,0 77,74,117,127,0 118,75,150,132,0 153,78,189,129,0 226,82,254,126,0 253,87,278,123,0 276,87,301,122,0 301,87,329,123,0 338,87,363,125,0 367,83,389,121,0
images/2019-04-29(45).png 75,77,117,127,0 117,75,151,130,0 148,78,191,128,0 225,85,251,120,0 254,85,279,120,0 279,83,301,120,0 301,87,327,122,0 339,82,365,120,0 365,82,388,119,0 196,365,328,510,0 329,369,437,500,0 437,369,554,509,0 553,368,682,509,0 704,372,827,500,0 820,368,944,504,0 940,362,1055,508,0 1054,371,1173,506,0 1171,368,1278,506,0 1281,369,1405,507,0 1340,209,1363,236,0 1364,213,1382,231,0 1383,214,1404,231,0 1423,235,1440,253,0 1397,237,1413,253,0
images/2019-04-29(46).png 74,72,118,129,0 118,75,152,134,0 151,76,192,130,0 227,82,254,130,0 254,82,278,122,0 278,83,302,123,0 301,85,326,123,0 339,83,363,124,0 363,84,392,123,0 393,682,421,724,0 422,683,444,724,0 442,685,472,726,0 373,726,436,822,0 436,728,497,824,0 497,725,563,823,0 561,737,613,822,0 640,722,711,826,0 715,725,787,823,0 789,727,864,829,0 861,727,938,828,0 938,725,1017,831,0 1040,728,1097,820,0 1096,727,1165,829,0 1165,730,1233,821,0
images/2019-04-29(47).png 76,75,117,130,0 117,78,154,134,0 151,78,190,127,0 225,79,253,127,0 255,85,279,122,0 279,84,302,123,0 303,85,328,124,0 338,80,364,123,0 363,82,391,122,0 727,465,776,539,0 777,466,822,533,0 824,468,863,537,0 867,465,911,535,0 924,466,975,538,0 975,467,1023,536,0 1022,465,1074,539,0 1072,466,1120,536,0 1120,468,1171,535,0 915,538,963,613,0 962,542,1010,603,0 1020,540,1071,608,0 1071,540,1120,605,0 1121,538,1169,605,0 1166,547,1200,600,0
